elstat_municipality_code,municipality_name,pop_total_2021,pop_total_2011,pop_men_2021,pop_men_2011,pop_women_2021,pop_women_2011
3701,ΠΑΤΡΕΩΝ,211593,213984,102057,104307,109536,109677
3702,ΑΙΓΙΑΛΕΙΑΣ,47225,49872,23072,24532,24153,25340
3703,ΔΥΤΙΚΗΣ ΑΧΑΪΑΣ,25900,25916,13746,13653,12154,12263
3704,ΕΡΥΜΑΝΘΟΥ,8273,8877,4420,4667,3853,4210
3705,ΚΑΛΑΒΡΥΤΩΝ,9281,11045,4844,5712,4437,5333
4801,ΚΑΛΛΙΘΕΑΣ,96118,100641,44493,46782,51625,53859
4802,ΑΓΙΟΥ ΔΗΜΗΤΡΙΟΥ,71747,71294,34466,34668,37281,36626
4803,ΑΛΙΜΟΥ,42872,41720,20259,19663,22613,22057
4804,ΓΛΥΦΑΔΑΣ,89605,87305,42104,41135,47501,46170
4805,ΕΛΛΗΝΙΚΟΥ - ΑΡΓΥΡΟΥΠΟΛΗΣ,49722,51356,23519,24604,26203,26752
4806,ΜΟΣΧΑΤΟΥ - ΤΑΥΡΟΥ,39507,40413,18953,19440,20554,20973
4807,ΝΕΑΣ ΣΜΥΡΝΗΣ,72546,73076,33332,33607,39214,39469
4808,ΠΑΛΑΙΟΥ ΦΑΛΗΡΟΥ,64879,64021,29863,29429,35016,34592
3301,ΖΑΚΥΝΘΟΥ,40508,40759,20217,20274,20291,20485
3001,ΚΑΡΠΕΝΗΣΙΟΥ,11477,13105,5762,6571,5715,6534
3002,ΑΓΡΑΦΩΝ,5984,6976,3185,3620,2799,3356
2701,ΛΑΜΙΕΩΝ,66472,75315,32268,37417,34204,37898
2702,ΑΜΦΙΚΛΕΙΑΣ - ΕΛΑΤΕΙΑΣ,8381,10922,4174,5504,4207,5418
2703,ΔΟΜΟΚΟΥ,9178,11495,4890,5919,4288,5576
2705,ΛΟΚΡΩΝ,17854,19623,8769,9753,9085,9870
2706,ΜΑΚΡΑΚΩΜΗΣ,13553,16036,6907,8030,6646,8006
2704,ΚΑΜΕΝΩΝ ΒΟΥΡΛΩΝ,10901,12090,5281,5944,5620,6146
2707,ΣΤΥΛΙΔΟΣ,11417,12750,5679,6426,5738,6324
3901,ΠΥΡΓΟΥ,44482,47995,21913,23622,22569,24373
3906,ΗΛΙΔΑΣ,29409,32219,14645,16285,14764,15934
3902,ΑΝΔΡΑΒΙΔΑΣ - ΚΥΛΛΗΝΗΣ,22615,21581,13281,11558,9334,10023
3903,ΑΝΔΡΙΤΣΑΙΝΑΣ - ΚΡΕΣΤΕΝΩΝ,11273,14109,6152,7387,5121,6722
3904,ΑΡΧΑΙΑΣ ΟΛΥΜΠΙΑΣ,11307,13409,5786,6821,5521,6588
3905,ΖΑΧΑΡΩΣ,8606,8953,4413,4547,4193,4406
3907,ΠΗΝΕΙΟΥ,21658,21034,11961,10796,9697,10238
5201,ΣΑΛΑΜΙΝΟΣ,37175,39283,18116,19638,19059,19645
5208,ΥΔΡΑΣ,2011,1966,992,977,1019,989
5202,ΑΓΚΙΣΤΡΙΟΥ,1107,1142,555,580,552,562
5203,ΑΙΓΙΝΑΣ,12938,13056,6249,6456,6689,6600
5204,ΚΥΘΗΡΩΝ,3659,4041,1868,2055,1791,1986
5205,ΠΟΡΟΥ,3237,3993,1571,2180,1666,1813
5206,ΣΠΕΤΣΩΝ,3680,4027,1778,1969,1902,2058
5207,ΤΡΟΙΖΗΝΙΑΣ - ΜΕΘΑΝΩΝ,6118,7143,3001,3631,3117,3512
7201,ΑΓΙΟΥ ΝΙΚΟΛΑΟΥ,26937,27074,13208,13372,13729,13702
7202,ΙΕΡΑΠΕΤΡΑΣ,26410,26200,13779,13098,12631,13102
7203,ΟΡΟΠΕΔΙΟΥ ΛΑΣΙΘΙΟΥ,2285,2387,1141,1184,1144,1203
7204,ΣΗΤΕΙΑΣ,20268,19720,10003,9695,10265,10025
1001,ΕΔΕΣΣΑΣ,26336,28814,12860,14183,13476,14631
1002,ΑΛΜΩΠΙΑΣ,24924,27556,12339,13742,12585,13814
1003,ΠΕΛΛΑΣ,56918,63122,27815,31183,29103,31939
1004,ΣΚΥΔΡΑΣ,18080,20188,8853,9974,9227,10214
6301,ΚΕΑΣ,2394,2455,1216,1254,1178,1201
6302,ΚΥΘΝΟΥ,1492,1456,773,771,719,685
0801,ΒΕΡΟΙΑΣ,62064,66547,29876,32517,32188,34030
0802,ΑΛΕΞΑΝΔΡΕΙΑΣ,38293,41570,18883,20760,19410,20810
0803,ΗΡΩΙΚΗΣ ΠΟΛΕΩΣ ΝΑΟΥΣΑΣ,29669,32494,14456,16144,15213,16350
4001,ΤΡΙΠΟΛΗΣ,43944,47254,22022,24079,21922,23175
4002,ΒΟΡΕΙΑΣ ΚΥΝΟΥΡΙΑΣ,9538,10341,4785,5221,4753,5120
4003,ΓΟΡΤΥΝΙΑΣ,8015,10109,4231,5170,3784,4939
4004,ΜΕΓΑΛΟΠΟΛΗΣ,8791,10687,4549,5538,4242,5149
4005,ΝΟΤΙΑΣ ΚΥΝΟΥΡΙΑΣ,7263,8294,3801,4264,3462,4030
7101,ΗΡΑΚΛΕΙΟΥ,177064,173993,85351,85133,91713,88860
7102,ΑΡΧΑΝΩΝ - ΑΣΤΕΡΟΥΣΙΩΝ,16002,16692,7920,8293,8082,8399
7103,ΒΙΑΝΝΟΥ,4314,5563,2171,2745,2143,2818
7104,ΓΟΡΤΥΝΑΣ,13936,15632,7090,7824,6846,7808
7105,ΜΑΛΕΒΙΖΙΟΥ,25750,24864,12807,12497,12943,12367
7106,ΜΙΝΩΑ ΠΕΔΙΑΔΑΣ,14161,17563,7014,8742,7147,8821
7107,ΦΑΙΣΤΟΥ,23994,24466,12230,12192,11764,12274
7108,ΧΕΡΣΟΝΗΣΟΥ,27229,26717,13586,13483,13643,13234
5601,ΑΝΑΤΟΛΙΚΗΣ ΣΑΜΟΥ,20025,20513,10344,10573,9681,9940
5602,ΔΥΤΙΚΗΣ ΣΑΜΟΥ,12608,12464,6420,6405,6188,6059
4901,ΑΧΑΡΝΩΝ,108130,106943,53310,53905,54820,53038
4902,ΒΑΡΗΣ - ΒΟΥΛΑΣ - ΒΟΥΛΙΑΓΜΕΝΗΣ,50585,48399,24391,23654,26194,24745
4903,ΔΙΟΝΥΣΟΥ,41748,40193,20078,19492,21670,20701
4904,ΚΡΩΠΙΑΣ,29432,30307,14400,15277,15032,15030
4905,ΛΑΥΡΕΩΤΙΚΗΣ,25608,25102,12562,12474,13046,12628
4906,ΜΑΡΑΘΩΝΟΣ,31448,33423,16178,18661,15270,14762
4907,ΜΑΡΚΟΠΟΥΛΟΥ ΜΕΣΟΓΑΙΑΣ,21284,20040,10383,9845,10901,10195
4908,ΠΑΙΑΝΙΑΣ,27916,26668,13570,13192,14346,13476
4909,ΠΑΛΛΗΝΗΣ,60435,54415,29261,26694,31174,27721
4910,ΡΑΦΗΝΑΣ - ΠΙΚΕΡΜΙΟΥ,22230,20266,10658,9839,11572,10427
4911,ΣΑΡΩΝΙΚΟΥ,29703,29002,14470,14345,15233,14657
4912,ΣΠΑΤΩΝ - ΑΡΤΕΜΙΔΟΣ,34053,33821,16722,16730,17331,17091
4913,ΩΡΩΠΟΥ,33977,33769,17298,18509,16679,15260
5101,ΠΕΙΡΑΙΩΣ,163572,163688,77476,78200,86096,85488
5102,ΚΕΡΑΤΣΙΝΙΟΥ - ΔΡΑΠΕΤΣΩΝΑΣ,89386,91045,42743,43922,46643,47123
5103,ΚΟΡΥΔΑΛΛΟΥ,61247,63445,30173,31642,31074,31803
5104,ΝΙΚΑΙΑΣ - ΑΓΙΟΥ ΙΩΑΝΝΗ ΡΕΝΤΗ,103355,105430,49343,51200,54012,54230
5105,ΠΕΡΑΜΑΤΟΣ,25636,25389,12496,12448,13140,12941
1401,ΚΟΖΑΝΗΣ,67161,71388,33397,35914,33764,35474
1403,ΒΟΪΟΥ,15080,18386,7576,9144,7504,9242
1404,ΕΟΡΔΑΙΑΣ,42414,45592,20694,22479,21720,23113
1405,ΣΕΡΒΙΩΝ,9486,11382,4853,5722,4633,5660
1402,ΒΕΛΒΕΝΤΟΥ,3060,3448,1501,1686,1559,1762
2901,ΧΑΛΚΙΔΕΩΝ,108313,102223,53486,51701,54827,50522
2902,ΔΙΡΦΥΩΝ - ΜΕΣΣΑΠΙΩΝ,15435,18800,7943,9912,7492,8888
2903,ΕΡΕΤΡΙΑΣ,12676,13053,6344,6563,6332,6490
2904,ΙΣΤΙΑΙΑΣ - ΑΙΔΗΨΟΥ,18460,21083,9103,10396,9357,10687
2905,ΚΑΡΥΣΤΟΥ,11593,12180,5797,6091,5796,6089
2906,ΚΥΜΗΣ - ΑΛΙΒΕΡΙΟΥ,26359,28437,13059,14323,13300,14114
2907,ΜΑΝΤΟΥΔΙΟΥ - ΛΙΜΝΗΣ - ΑΓΙΑΣ ΑΝΝΑΣ,11986,12045,6067,6024,5919,6021
2908,ΣΚΥΡΟΥ,2913,2994,1522,1638,1391,1356
1101,ΚΑΤΕΡΙΝΗΣ,82971,85851,40057,41569,42914,44282
1102,ΔΙΟΥ - ΟΛΥΜΠΟΥ,23984,25668,12030,13322,11954,12346
1103,ΠΥΔΝΑΣ - ΚΟΛΙΝΔΡΟΥ,12531,15179,6073,7461,6458,7718
5501,ΛΗΜΝΟΥ,16458,16992,8493,8924,7965,8068
5502,ΑΓΙΟΥ ΕΥΣΤΡΑΤΙΟΥ,257,270,138,130,119,140
9901,ΑΓΙΟ ΟΡΟΣ (ΑΥΤΟΔΙΟΙΚΗΤΟ),1779,1811,1779,1811,0,0
3801,ΙΕΡΑΣ ΠΟΛΗΣ ΜΕΣΟΛΟΓΓΙΟΥ,31944,34416,15987,17180,15957,17236
3803,ΑΚΤΙΟΥ - ΒΟΝΙΤΣΑΣ,14656,17370,7536,8972,7120,8398
3802,ΑΓΡΙΝΙΟΥ,88971,94181,43912,46582,45059,47599
3804,ΑΜΦΙΛΟΧΙΑΣ,15073,17056,7686,8503,7387,8553
3805,ΘΕΡΜΟΥ,5742,8242,2991,4164,2751,4078
3806,ΝΑΥΠΑΚΤΙΑΣ,25121,27800,12554,14023,12567,13777
3807,ΞΗΡΟΜΕΡΟΥ,10220,11737,5286,5999,4934,5738
0101,ΚΟΜΟΤΗΝΗΣ,65107,66919,31298,32354,33809,34565
0102,ΑΡΡΙΑΝΩΝ,14944,16577,7450,8183,7494,8394
0103,ΙΑΣΜΟΥ,12346,13810,6065,6731,6281,7079
0104,ΜΑΡΩΝΕΙΑΣ - ΣΑΠΩΝ,11983,14733,5839,7287,6144,7446
7401,ΧΑΝΙΩΝ,110646,108642,54472,54163,56174,54479
7402,ΑΠΟΚΟΡΩΝΟΥ,11771,12807,5976,6454,5795,6353
7403,ΓΑΥΔΟΥ,151,152,92,91,59,61
7404,ΚΑΝΤΑΝΟΥ - ΣΕΛΙΝΟΥ,4931,5431,2469,2771,2462,2660
7405,ΚΙΣΣΑΜΟΥ,10632,10790,5355,5438,5277,5352
7406,ΠΛΑΤΑΝΙΑ,15320,16874,7644,8548,7676,8326
7407,ΣΦΑΚΙΩΝ,1992,1889,1057,994,935,895
4101,ΝΑΥΠΛΙΕΩΝ,32586,33356,15918,16888,16668,16468
4102,ΑΡΓΟΥΣ - ΜΥΚΗΝΩΝ,40009,42022,19630,20835,20379,21187
4103,ΕΠΙΔΑΥΡΟΥ,7089,8115,3557,4099,3532,4016
4104,ΕΡΜΙΟΝΙΔΑΣ,13598,13551,6764,6891,6834,6660
2601,ΤΡΙΚΚΑΙΩΝ,78508,81355,38623,40353,39885,41002
2602,ΜΕΤΕΩΡΩΝ,19290,21991,9684,10934,9606,11057
2603,ΠΥΛΗΣ,12915,14343,6588,7208,6327,7135
2604,ΦΑΡΚΑΔΟΝΑΣ,11348,13396,5506,6657,5842,6739
0501,ΚΑΒΑΛΑΣ,65857,70501,31334,34002,34523,36499
0502,ΝΕΣΤΟΥ,20525,22331,10105,11045,10420,11286
0503,ΠΑΓΓΑΙΟΥ,29592,32085,14485,15807,15107,16278
0301,ΑΛΕΞΑΝΔΡΟΥΠΟΛΗΣ,71601,72959,34882,35775,36719,37184
0302,ΔΙΔΥΜΟΤΕΙΧΟΥ,16161,19493,8464,10140,7697,9353
0303,ΟΡΕΣΤΙΑΔΑΣ,31694,37695,16199,19554,15495,18141
0304,ΣΑΜΟΘΡΑΚΗΣ,2622,2859,1408,1616,1214,1243
0305,ΣΟΥΦΛΙΟΥ,11784,14941,6083,7620,5701,7321
5401,ΙΚΑΡΙΑΣ,8555,8423,4296,4220,4259,4203
5402,ΦΟΥΡΝΩΝ ΚΟΡΣΕΩΝ,1346,1459,630,722,716,737
2101,ΠΡΕΒΕΖΑΣ,30893,31733,15090,15748,15803,15985
2102,ΖΗΡΟΥ,13071,13892,6488,6882,6583,7010
2103,ΠΑΡΓΑΣ,10771,11866,5379,5884,5392,5982
6801,ΠΑΡΟΥ,14290,13715,7068,6846,7222,6869
6802,ΑΝΤΙΠΑΡΟΥ,1264,1211,647,619,617,592
0601,ΞΑΝΘΗΣ,66162,65133,32579,32329,33583,32804
0602,ΑΒΔΗΡΩΝ,17860,19005,8931,9347,8929,9658
0603,ΜΥΚΗΣ,14521,15540,7193,7687,7328,7853
0604,ΤΟΠΕΙΡΟΥ,9634,11544,4773,5839,4861,5705
1801,ΙΩΑΝΝΙΤΩΝ,113094,112486,54242,53975,58852,58511
1802,ΒΟΡΕΙΩΝ ΤΖΟΥΜΕΡΚΩΝ,5075,5714,2608,2882,2467,2832
1803,ΔΩΔΩΝΗΣ,7258,9693,3777,4953,3481,4740
1804,ΖΑΓΟΡΙΟΥ,3384,3724,1734,1824,1650,1900
1805,ΖΙΤΣΑΣ,13630,14766,6765,7337,6865,7429
1806,ΚΟΝΙΤΣΑΣ,5325,6362,2641,3262,2684,3100
1807,ΜΕΤΣΟΒΟΥ,5429,6196,2759,3085,2670,3111
1808,ΠΩΓΩΝΙΟΥ,6859,8960,3460,4529,3399,4431
4201,ΚΟΡΙΝΘΙΩΝ,56437,58192,28141,29216,28296,28976
4202,ΒΕΛΟΥ - ΒΟΧΑΣ,17836,19027,8882,9611,8954,9416
4203,ΛΟΥΤΡΑΚΙΟΥ - ΠΕΡΑΧΩΡΑΣ - ΑΓΙΩΝ ΘΕΟΔΩΡΩΝ,21925,21221,10665,10482,11260,10739
4204,ΝΕΜΕΑΣ,5668,6483,2819,3291,2849,3192
4205,ΞΥΛΟΚΑΣΤΡΟΥ - ΕΥΡΩΣΤΙΝΗΣ,15295,17365,7390,8541,7905,8824
4206,ΣΙΚΥΩΝΙΩΝ,20983,22794,10473,11427,10510,11367
4401,ΚΑΛΑΜΑΤΑΣ,71894,69849,34660,34620,37234,35229
4402,ΔΥΤΙΚΗΣ ΜΑΝΗΣ,5772,6945,2948,3547,2824,3398
4403,ΜΕΣΣΗΝΗΣ,19200,23482,9733,11942,9467,11540
4404,ΟΙΧΑΛΙΑΣ,8508,11228,4424,5788,4084,5440
4405,ΠΥΛΟΥ - ΝΕΣΤΟΡΟΣ,17179,21077,8882,10742,8297,10335
4406,ΤΡΙΦΥΛΙΑΣ,22367,27373,11329,13950,11038,13423
1501,ΓΡΕΒΕΝΩΝ,21440,25905,11030,13526,10410,12379
1502,ΔΕΣΚΑΤΗΣ,5205,5852,2617,2922,2588,2930
5001,ΕΛΕΥΣΙΝΑΣ,29619,29902,14441,14925,15178,14977
5002,ΑΣΠΡΟΠΥΡΓΟΥ,31420,30251,16012,15872,15408,14379
5003,ΜΑΝΔΡΑΣ - ΕΙΔΥΛΛΙΑΣ,17524,17885,8469,8785,9055,9100
5004,ΜΕΓΑΡΕΩΝ,38046,36924,20213,19488,17833,17436
5005,ΦΥΛΗΣ,48255,45965,23661,22869,24594,23096
2001,ΗΓΟΥΜΕΝΙΤΣΑΣ,25709,25814,12735,12894,12974,12920
2002,ΣΟΥΛΙΟΥ,8767,10063,4370,5017,4397,5046
2003,ΦΙΛΙΑΤΩΝ,6351,7710,3259,3968,3092,3742
4601,ΑΜΑΡΟΥΣΙΟΥ,70519,72333,32852,33738,37667,38595
4602,ΑΓΙΑΣ ΠΑΡΑΣΚΕΥΗΣ,62157,59704,29007,27822,33150,31882
4603,ΒΡΙΛΗΣΣΙΩΝ,32422,30741,15380,14605,17042,16136
7101,ΗΡΑΚΛΕΙΟΥ,50495,49642,23946,23770,26549,25872
4605,ΚΗΦΙΣΙΑΣ,72860,71259,34401,33389,38459,37870
4606,ΛΥΚΟΒΡΥΣΗΣ - ΠΕΥΚΗΣ,30996,31153,14681,14897,16315,16256
4607,ΜΕΤΑΜΟΡΦΩΣΕΩΣ,30170,29891,14500,14599,15670,15292
4608,ΝΕΑΣ ΙΩΝΙΑΣ,64107,67134,30647,32505,33460,34629
4609,ΠΑΠΑΓΟΥ - ΧΟΛΑΡΓΟΥ,45164,44539,20619,20278,24545,24261
4610,ΠΕΝΤΕΛΗΣ,35439,34934,16983,16868,18456,18066
4611,ΦΙΛΟΘΕΗΣ - ΨΥΧΙΚΟΥ,27400,26968,12393,11946,15007,15022
4612,ΧΑΛΑΝΔΡΙΟΥ,77118,74192,35964,34743,41154,39449
1701,ΦΛΩΡΙΝΑΣ,29611,32881,14392,15977,15219,16904
1702,ΑΜΥΝΤΑΙΟΥ,14331,16973,7202,8608,7129,8365
1703,ΠΡΕΣΠΩΝ,1220,1560,631,765,589,795
2301,ΚΑΡΔΙΤΣΑΣ,56641,56747,27577,27766,29064,28981
2302,ΑΡΓΙΘΕΑΣ,3515,3450,1907,1811,1608,1639
2303,ΛΙΜΝΗΣ ΠΛΑΣΤΗΡΑ,5285,4635,2689,2288,2596,2347
2304,ΜΟΥΖΑΚΙΟΥ,11264,13122,5668,6460,5596,6662
2305,ΠΑΛΑΜΑ,13416,16726,6683,8443,6733,8283
2306,ΣΟΦΑΔΩΝ,16577,18864,8267,9370,8310,9494
6401,ΚΩ,36986,33388,19094,17322,17892,16066
6402,ΝΙΣΥΡΟΥ,1043,1008,548,543,495,465
3201,ΚΕΝΤΡΙΚΗΣ ΚΕΡΚΥΡΑΣ ΚΑΙ ΔΙΑΠΟΝΤΙΩΝ ΝΗΣΩΝ,65237,68558,31512,32881,33725,35677
3204,ΠΑΞΩΝ,2383,2300,1171,1159,1212,1141
3202,ΒΟΡΕΙΑΣ ΚΕΡΚΥΡΑΣ,17455,17832,8679,8818,8776,9014
3203,ΝΟΤΙΑΣ ΚΕΡΚΥΡΑΣ,14772,15681,7485,7895,7287,7786
6201,ΚΑΡΠΑΘΟΥ,6416,6226,3228,3124,3188,3102
6202,ΗΡΩΙΚΗΣ ΝΗΣΟΥ ΚΑΣΟΥ,1224,1084,624,550,600,534
3601,ΛΕΥΚΑΔΑΣ,21759,22652,10897,11399,10862,11253
3602,ΜΕΓΑΝΗΣΙΟΥ,914,1041,480,518,434,523
6001,ΘΗΡΑΣ,15457,15550,7789,7826,7668,7724
6002,ΑΝΑΦΗΣ,291,271,153,137,138,134
6003,ΙΗΤΩΝ,2297,2024,1188,1068,1109,956
6004,ΣΙΚΙΝΟΥ,253,273,133,138,120,135
6005,ΦΟΛΕΓΑΝΔΡΟΥ,715,765,368,402,347,363
3501,ΑΡΓΟΣΤΟΛΙΟΥ,22388,23499,11073,11606,11315,11893
3502,ΛΗΞΟΥΡΙΟΥ,7025,7098,3501,3579,3524,3519
3503,ΣΑΜΗΣ,5511,5204,2757,2649,2754,2555
6501,ΜΗΛΟΥ,5193,4977,2683,2520,2510,2457
6502,ΚΙΜΩΛΟΥ,817,910,412,475,405,435
6503,ΣΕΡΙΦΟΥ,1258,1420,659,756,599,664
6504,ΣΙΦΝΟΥ,2755,2625,1400,1324,1355,1301
2501,ΣΚΙΑΘΟΥ,5499,6088,2733,3088,2766,3000
2502,ΑΛΟΝΝΗΣΟΥ,3153,2750,1572,1447,1581,1303
2503,ΣΚΟΠΕΛΟΥ,4377,4960,2182,2423,2195,2537
2401,ΒΟΛΟΥ,138865,144449,66413,70185,72452,74264
2402,ΑΛΜΥΡΟΥ,16004,18614,7817,9267,8187,9347
2403,ΖΑΓΟΡΑΣ - ΜΟΥΡΕΣΙΟΥ,4556,5809,2317,2949,2239,2860
2404,ΝΟΤΙΟΥ ΠΗΛΙΟΥ,8322,10216,4126,5122,4196,5094
2405,ΡΗΓΑ ΦΕΡΑΙΟΥ,8841,10922,4406,5614,4435,5308
7301,ΡΕΘΥΜΝΗΣ,55636,55525,26720,26670,28916,28855
7302,ΑΓΙΟΥ ΒΑΣΙΛΕΙΟΥ,7194,7427,3686,3755,3508,3672
7303,ΑΜΑΡΙΟΥ,5607,5915,2897,3033,2710,2882
7304,ΑΝΩΓΕΙΩΝ,2240,2379,1111,1192,1129,1187
7305,ΜΥΛΟΠΟΤΑΜΟΥ,12890,14363,6593,7298,6297,7065
3401,ΙΘΑΚΗΣ,2774,3231,1367,1622,1407,1609
0401,ΘΑΣΟΥ,13055,13770,6335,6785,6720,6985
2201,ΛΑΡΙΣΑΙΩΝ,164381,162591,79744,79762,84637,82829
2202,ΑΓΙΑΣ,10705,11470,5432,5825,5273,5645
2203,ΕΛΑΣΣΟΝΑΣ,25441,32121,12561,16102,12880,16019
2204,ΚΙΛΕΛΕΡ,18068,20854,9139,10473,8929,10381
2205,ΤΕΜΠΩΝ,11994,13712,6028,6884,5966,6828
2206,ΤΥΡΝΑΒΟΥ,22252,25032,11038,12486,11214,12546
2207,ΦΑΡΣΑΛΩΝ,16310,18545,8101,9277,8209,9268
1301,ΠΟΛΥΓΥΡΟΥ,21350,22048,10511,10866,10839,11182
1302,ΑΡΙΣΤΟΤΕΛΗ,16994,18294,8354,9099,8640,9195
1303,ΚΑΣΣΑΝΔΡΑΣ,16958,16672,8549,8506,8409,8166
1304,ΝΕΑΣ ΠΡΟΠΟΝΤΙΔΑΣ,34391,36500,16834,18217,17557,18283
1305,ΣΙΘΩΝΙΑΣ,11631,12394,5776,6243,5855,6151
0901,ΚΙΛΚΙΣ,45489,51926,22220,25748,23269,26178
0902,ΠΑΙΟΝΙΑΣ,25159,28493,12526,14403,12633,14090
6101,ΚΑΛΥΜΝΙΩΝ,17797,16179,8689,7975,9108,8204
6102,ΑΓΑΘΟΝΗΣΙΟΥ,203,185,114,103,89,82
6103,ΑΣΤΥΠΑΛΑΙΑΣ,1399,1334,711,676,688,658
6104,ΛΕΙΨΩΝ,778,790,391,399,387,391
6105,ΛΕΡΟΥ,7988,7917,4054,4052,3934,3865
6106,ΠΑΤΜΟΥ,3217,3047,1623,1535,1594,1512
7001,ΤΗΝΟΥ,8611,8636,4202,4286,4409,4350
1901,ΑΡΤΑΙΩΝ,41633,43166,20433,21216,21200,21950
1902,ΓΕΩΡΓΙΟΥ ΚΑΡΑΪΣΚΑΚΗ,5321,5780,2784,2945,2537,2835
1903,ΚΕΝΤΡΙΚΩΝ ΤΖΟΥΜΕΡΚΩΝ,5562,6178,2898,3053,2664,3125
1904,ΝΙΚΟΛΑΟΥ ΣΚΟΥΦΑ,11411,12753,5670,6321,5741,6432
6901,ΡΟΔΟΥ,124851,115490,62132,57879,62719,57611
6902,ΜΕΓΙΣΤΗΣ,584,492,396,322,188,170
6903,ΣΥΜΗΣ,2495,2590,1327,1395,1168,1195
6904,ΤΗΛΟΥ,745,780,415,429,330,351
6905,ΧΑΛΚΗΣ,476,478,256,256,220,222
1601,ΚΑΣΤΟΡΙΑΣ,33227,35874,16434,17774,16793,18100
1603,ΝΕΣΤΟΡΙΟΥ,2188,2646,1154,1354,1034,1292
1602,ΑΡΓΟΥΣ ΟΡΕΣΤΙΚΟΥ,10633,11802,5230,5908,5403,5894
0201,ΔΡΑΜΑΣ,55593,58944,26685,28304,28908,30640
0202,ΔΟΞΑΤΟΥ,12109,14516,5812,6985,6297,7531
0203,ΚΑΤΩ ΝΕΥΡΟΚΟΠΙΟΥ,5323,7860,2658,3963,2665,3897
0204,ΠΑΡΑΝΕΣΤΙΟΥ,2852,3901,1550,1971,1302,1930
0205,ΠΡΟΣΟΤΣΑΝΗΣ,10744,13066,5212,6319,5532,6747
4701,ΠΕΡΙΣΤΕΡΙΟΥ,132123,139981,63853,68563,68270,71418
4702,ΑΓΙΑΣ ΒΑΡΒΑΡΑΣ,26759,26550,12682,12650,14077,13900
4703,ΑΓΙΩΝ ΑΝΑΡΓΥΡΩΝ - ΚΑΜΑΤΕΡΟΥ,61427,62529,29908,30925,31519,31604
4704,ΑΙΓΑΛΕΩ,64828,69946,31139,34008,33689,35938
4705,ΙΛΙΟΥ,83523,84793,40267,41594,43256,43199
4706,ΠΕΤΡΟΥΠΟΛΕΩΣ,60166,58979,28916,28582,31250,30397
4707,ΧΑΪΔΑΡΙΟΥ,46983,46897,22866,23245,24117,23652
4301,ΣΠΑΡΤΗΣ,32918,35259,16167,17740,16751,17519
4302,ΑΝΑΤΟΛΙΚΗΣ ΜΑΝΗΣ,12805,13005,6609,6751,6196,6254
4303,ΕΛΑΦΟΝΗΣΟΥ,913,1041,455,537,458,504
4304,ΕΥΡΩΤΑ,16018,17891,8477,9516,7541,8375
4305,ΜΟΝΕΜΒΑΣΙΑΣ,21815,21942,11974,11091,9841,10851
0701,ΘΕΣΣΑΛΟΝΙΚΗΣ,317778,325182,145087,148470,172691,176712
0702,ΑΜΠΕΛΟΚΗΠΩΝ - ΜΕΝΕΜΕΝΗΣ,49674,52127,23243,24721,26431,27406
0703,ΒΟΛΒΗΣ,19812,23478,9726,11742,10086,11736
0704,ΔΕΛΤΑ,45628,45839,22713,22829,22915,23010
0705,ΘΕΡΜΑΪΚΟΥ,45450,50264,21980,24777,23470,25487
0706,ΘΕΡΜΗΣ,55238,53201,26957,26137,28281,27064
0707,ΚΑΛΑΜΑΡΙΑΣ,92238,91518,43224,43169,49014,48349
0708,ΚΟΡΔΕΛΙΟΥ - ΕΥΟΣΜΟΥ,105426,101753,50985,49613,54441,52140
0709,ΛΑΓΚΑΔΑ,37072,41103,18277,20358,18795,20745
0710,ΝΕΑΠΟΛΗΣ - ΣΥΚΕΩΝ,80851,84741,38330,40406,42521,44335
0711,ΠΑΥΛΟΥ ΜΕΛΑ,99969,99245,48184,48337,51785,50908
0712,ΠΥΛΑΙΑΣ - ΧΟΡΤΙΑΤΗ,72223,70110,34860,34296,37363,35814
0713,ΧΑΛΚΗΔΟΝΟΣ,29951,33673,14718,16755,15233,16918
0714,ΩΡΑΙΟΚΑΣΤΡΟΥ,40114,38317,19912,19492,20202,18825
2801,ΛΕΒΑΔΕΩΝ,29393,31315,14435,15595,14958,15720
2802,ΑΛΙΑΡΤΟΥ - ΘΕΣΠΙΕΩΝ,8778,10887,4453,5622,4325,5265
2803,ΔΙΣΤΟΜΟΥ - ΑΡΑΧΟΒΑΣ - ΑΝΤΙΚΥΡΑΣ,7602,8188,3831,4152,3771,4036
2804,ΘΗΒΑΙΩΝ,32521,36477,16510,19535,16011,16942
2805,ΟΡΧΟΜΕΝΟΥ,9386,11621,4670,5889,4716,5732
2806,ΤΑΝΑΓΡΑΣ,18427,19432,9699,10609,8728,8823
5701,ΧΙΟΥ,50483,51390,25010,25775,25473,25615
5703,ΟΙΝΟΥΣΣΩΝ,916,826,459,421,457,405
5702,ΗΡΩΙΚΗΣ ΝΗΣΟΥ ΨΑΡΩΝ,420,458,203,217,217,241
3101,ΔΕΛΦΩΝ,24160,26716,11941,13219,12219,13497
3102,ΔΩΡΙΔΟΣ,12050,13627,6331,7022,5719,6605
6601,ΜΥΚΟΝΟΥ,9802,10134,4973,5217,4829,4917
4501,ΑΘΗΝΑΙΩΝ,637798,664046,301329,315210,336469,348836
4502,ΒΥΡΩΝΟΣ,59134,61308,27739,28992,31395,32316
4503,ΓΑΛΑΤΣΙΟΥ,57917,59345,27545,28399,30372,30946
4504,ΔΑΦΝΗΣ - ΥΜΗΤΤΟΥ,33850,33628,15987,15829,17863,17799
4505,ΖΩΓΡΑΦΟΥ,69857,71026,32581,33097,37276,37929
4506,ΗΛΙΟΥΠΟΛΕΩΣ,76708,78153,36309,37098,40399,41055
4507,ΚΑΙΣΑΡΙΑΝΗΣ,26260,26458,12464,12486,13796,13972
4508,ΝΕΑΣ ΦΙΛΑΔΕΛΦΕΙΑΣ - ΝΕΑΣ ΧΑΛΚΗΔΟΝΟΣ,34759,35556,16602,17043,18157,18513
1201,ΣΕΡΡΩΝ,73847,76817,35457,37125,38390,39692
1202,ΑΜΦΙΠΟΛΗΣ,7169,9182,3386,4401,3783,4781
1203,ΒΙΣΑΛΤΙΑΣ,16032,20030,8173,9947,7859,10083
1204,ΕΜΜΑΝΟΥΗΛ ΠΑΠΠΑ,11574,14664,5714,7275,5860,7389
1205,ΗΡΑΚΛΕΙΑΣ,15711,21145,7643,10356,8068,10789
1206,ΝΕΑΣ ΖΙΧΝΗΣ,8259,12397,4041,6017,4218,6380
1207,ΣΙΝΤΙΚΗΣ,18532,22195,9019,10722,9513,11473
5901,ΑΝΔΡΟΥ,8883,9221,4368,4590,4515,4631
5301,ΜΥΤΙΛΗΝΗΣ,58285,57872,28907,28297,29378,29575
5302,ΔΥΤΙΚΗΣ ΛΕΣΒΟΥ,24783,28564,12278,14300,12505,14264
5801,ΣΥΡΟΥ - ΕΡΜΟΥΠΟΛΗΣ,20791,21507,10020,10392,10771,11115
6701,ΑΜΟΡΓΟΥ,1965,1973,1004,1030,961,943
6702,ΝΑΞΟΥ ΚΑΙ ΜΙΚΡΩΝ ΚΥΚΛΑΔΩΝ,19812,18904,9918,9654,9894,9250
